STARTSTART: 2019-05-15 00:34:55.765579
PREPARE_IMAGE: 2019-05-15 00:35:04.390562
BUILD_IMAGE: 2019-05-15 00:35:14.091919
FAIL: 2019-05-15 00:36:32.446077
