STARTSTART: 2019-05-15 00:37:49.819057
PREPARE_IMAGE: 2019-05-15 00:37:59.278948
