STARTSTART: 2019-05-15 12:44:33.774080
PREPARE_IMAGE: 2019-05-15 12:44:42.276437
BUILD_IMAGE: 2019-05-15 12:44:50.657174
PUBLISH_IMAGE: 2019-05-15 12:47:12.693378
