STARTSTART: 2019-05-15 12:44:33.774080
PREPARE_IMAGE: 2019-05-15 12:44:42.276437
