STARTSTART: 2019-05-15 00:37:49.819057
PREPARE_IMAGE: 2019-05-15 00:37:59.278948
BUILD_IMAGE: 2019-05-15 00:38:07.676719
PUBLISH_IMAGE: 2019-05-15 00:40:24.740875
