START: 2019-05-15 12:54:27.409793
PREPARE_IMAGE: 2019-05-15 12:54:35.833009
BUILD_IMAGE: 2019-05-15 12:54:44.316650
PUBLISH_IMAGE: 2019-05-15 12:54:53.000771
SUCCEED: 2019-05-15 12:55:01.909208
