STARTSTART: 2019-05-15 00:34:55.765579
PREPARE_IMAGE: 2019-05-15 00:35:04.390562
